function [locations names] = cities()

names = {
'St.Petersburg';
'Moscow';
'Riazan';
'Novgorod';
'Helsinki';
'Jyvaskyla';
'Vaasa';
'Umeo';
'Stockholm';
'Kopenhagen'
};

locations = [
59.939524 30.312021;
55.751242 37.618422;
54.627879 39.761117;
58.516585 31.268439;
60.173324 24.941025;
62.244747 25.747218;
63.095141 21.616513;
63.825847 20.263035;
59.328930 18.06491;
55.676097 12.568337
];

